Multi-Head Logistic Regression Results
======================================================================

=== DOMAIN ===
Accuracy: 0.817204
F1 macro: 0.722431
              precision    recall  f1-score   support

           1       0.65      0.61      0.63        18
           2       0.92      0.92      0.92        61
           3       0.60      0.64      0.62        14

    accuracy                           0.82        93
   macro avg       0.72      0.72      0.72        93
weighted avg       0.82      0.82      0.82        93


=== CATEGORY ===
Accuracy: 0.602151
F1 macro: 0.447624
              precision    recall  f1-score   support

           1       0.00      0.00      0.00         6
           2       0.75      0.68      0.71        22
           3       0.69      0.74      0.72        39
           4       0.50      0.33      0.40         3
           5       0.37      0.50      0.42        14
           6       0.50      0.60      0.55         5
           7       0.50      0.25      0.33         4

    accuracy                           0.60        93
   macro avg       0.47      0.44      0.45        93
weighted avg       0.59      0.60      0.59        93


=== CLASSIFICATION_AR ===
Accuracy: 0.311828
F1 macro: 0.151597
              precision    recall  f1-score   support

           2       0.00      0.00      0.00         1
           4       0.00      0.00      0.00         1
           5       0.67      0.67      0.67         6
           6       0.00      0.00      0.00         4
          10       0.00      0.00      0.00         4
          11       0.00      0.00      0.00         1
          17       0.00      0.00      0.00         1
          18       0.00      0.00      0.00         1
          19       0.00      0.00      0.00         2
          24       0.50      0.50      0.50         2
          27       0.00      0.00      0.00         3
          29       0.00      0.00      0.00         0
          32       0.00      0.00      0.00         1
          33       0.00      0.00      0.00         1
          35       0.00      0.00      0.00         1
          37       0.00      0.00      0.00         1
          38       0.00      0.00      0.00         1
          41       0.00      0.00      0.00         1
          43       0.00      0.00      0.00         1
          45       0.10      0.50      0.17         2
          46       0.00      0.00      0.00         0
          47       0.33      0.20      0.25         5
          50       0.00      0.00      0.00         1
          51       0.50      0.80      0.62         5
          54       0.00      0.00      0.00         3
          55       0.00      0.00      0.00         1
          56       0.50      1.00      0.67         1
          57       0.00      0.00      0.00         1
          58       0.00      0.00      0.00         3
          59       0.14      1.00      0.25         2
          60       0.00      0.00      0.00         1
          61       0.80      0.80      0.80         5
          63       0.00      0.00      0.00         2
          66       0.00      0.00      0.00         7
          67       0.42      1.00      0.59         5
          68       0.00      0.00      0.00         0
          69       0.00      0.00      0.00         3
          71       0.00      0.00      0.00         1
          72       1.00      0.50      0.67         2
          73       1.00      1.00      1.00         4
          74       0.00      0.00      0.00         1
          75       0.00      0.00      0.00         1
          76       0.00      0.00      0.00         1
          77       1.00      0.33      0.50         3

    accuracy                           0.31        93
   macro avg       0.16      0.19      0.15        93
weighted avg       0.27      0.31      0.26        93


All model heads trained successfully.
