Classification_AR results

=== Model: LogisticRegression ===
Accuracy: 0.311828
F1 macro: 0.151597
Classification report:
              precision    recall  f1-score   support

           2       0.00      0.00      0.00         1
           4       0.00      0.00      0.00         1
           5       0.67      0.67      0.67         6
           6       0.00      0.00      0.00         4
          10       0.00      0.00      0.00         4
          11       0.00      0.00      0.00         1
          17       0.00      0.00      0.00         1
          18       0.00      0.00      0.00         1
          19       0.00      0.00      0.00         2
          24       0.50      0.50      0.50         2
          27       0.00      0.00      0.00         3
          29       0.00      0.00      0.00         0
          32       0.00      0.00      0.00         1
          33       0.00      0.00      0.00         1
          35       0.00      0.00      0.00         1
          37       0.00      0.00      0.00         1
          38       0.00      0.00      0.00         1
          41       0.00      0.00      0.00         1
          43       0.00      0.00      0.00         1
          45       0.10      0.50      0.17         2
          46       0.00      0.00      0.00         0
          47       0.33      0.20      0.25         5
          50       0.00      0.00      0.00         1
          51       0.50      0.80      0.62         5
          54       0.00      0.00      0.00         3
          55       0.00      0.00      0.00         1
          56       0.50      1.00      0.67         1
          57       0.00      0.00      0.00         1
          58       0.00      0.00      0.00         3
          59       0.14      1.00      0.25         2
          60       0.00      0.00      0.00         1
          61       0.80      0.80      0.80         5
          63       0.00      0.00      0.00         2
          66       0.00      0.00      0.00         7
          67       0.42      1.00      0.59         5
          68       0.00      0.00      0.00         0
          69       0.00      0.00      0.00         3
          71       0.00      0.00      0.00         1
          72       1.00      0.50      0.67         2
          73       1.00      1.00      1.00         4
          74       0.00      0.00      0.00         1
          75       0.00      0.00      0.00         1
          76       0.00      0.00      0.00         1
          77       1.00      0.33      0.50         3

    accuracy                           0.31        93
   macro avg       0.16      0.19      0.15        93
weighted avg       0.27      0.31      0.26        93


=== Model: RandomForest ===
Accuracy: 0.258065
F1 macro: 0.083048
Classification report:
              precision    recall  f1-score   support

           2       0.00      0.00      0.00         1
           4       0.00      0.00      0.00         1
           5       0.36      0.67      0.47         6
           6       0.00      0.00      0.00         4
          10       0.08      0.25      0.12         4
          11       0.00      0.00      0.00         1
          17       0.00      0.00      0.00         1
          18       0.00      0.00      0.00         1
          19       0.00      0.00      0.00         2
          24       0.00      0.00      0.00         2
          27       0.00      0.00      0.00         3
          32       0.00      0.00      0.00         1
          33       0.00      0.00      0.00         1
          35       0.00      0.00      0.00         1
          37       0.00      0.00      0.00         1
          38       0.00      0.00      0.00         1
          41       0.00      0.00      0.00         1
          43       0.00      0.00      0.00         1
          45       0.09      0.50      0.15         2
          46       0.00      0.00      0.00         0
          47       0.00      0.00      0.00         5
          50       0.00      0.00      0.00         1
          51       0.57      0.80      0.67         5
          54       0.00      0.00      0.00         3
          55       0.00      0.00      0.00         1
          56       0.00      0.00      0.00         1
          57       0.00      0.00      0.00         1
          58       0.00      0.00      0.00         3
          59       0.06      0.50      0.11         2
          60       0.00      0.00      0.00         1
          61       0.80      0.80      0.80         5
          63       0.00      0.00      0.00         2
          66       0.00      0.00      0.00         7
          67       0.33      1.00      0.50         5
          69       0.00      0.00      0.00         3
          71       0.00      0.00      0.00         1
          72       0.00      0.00      0.00         2
          73       0.50      1.00      0.67         4
          74       0.00      0.00      0.00         1
          75       0.00      0.00      0.00         1
          76       0.00      0.00      0.00         1
          77       0.00      0.00      0.00         3

    accuracy                           0.26        93
   macro avg       0.07      0.13      0.08        93
weighted avg       0.14      0.26      0.18        93


Note: classification_ar labels are integer encoded.
