Subcategory classification results

=== Model: LogisticRegression ===
Accuracy: 0.440860
F1 macro: 0.198026
Classification report:
              precision    recall  f1-score   support

           2       0.00      0.00      0.00         4
           3       0.71      0.80      0.75        15
           4       0.33      0.40      0.36        15
           6       0.56      0.56      0.56         9
           8       0.00      0.00      0.00         4
           9       0.29      0.50      0.37        10
          10       0.00      0.00      0.00         1
          11       0.00      0.00      0.00         1
          12       0.43      1.00      0.60         3
          13       0.00      0.00      0.00         1
          14       0.00      0.00      0.00         2
          16       0.00      0.00      0.00         2
          17       0.00      0.00      0.00         1
          18       0.00      0.00      0.00         1
          19       0.36      0.67      0.47         6
          20       0.00      0.00      0.00         2
          21       0.00      0.00      0.00         1
          23       0.00      0.00      0.00         2
          25       0.00      0.00      0.00         1
          26       0.50      0.40      0.44         5
          27       0.00      0.00      0.00         2
          28       0.00      0.00      0.00         1
          31       1.00      1.00      1.00         4

    accuracy                           0.44        93
   macro avg       0.18      0.23      0.20        93
weighted avg       0.36      0.44      0.39        93


=== Model: RandomForest ===
Accuracy: 0.376344
F1 macro: 0.135005
Classification report:
              precision    recall  f1-score   support

           2       0.00      0.00      0.00         4
           3       0.50      0.87      0.63        15
           4       0.25      0.60      0.35        15
           6       0.40      0.44      0.42         9
           8       0.00      0.00      0.00         4
           9       0.33      0.40      0.36        10
          10       0.00      0.00      0.00         1
          11       0.00      0.00      0.00         1
          12       0.00      0.00      0.00         3
          13       0.00      0.00      0.00         1
          14       0.00      0.00      0.00         2
          16       0.00      0.00      0.00         2
          17       0.00      0.00      0.00         1
          18       0.00      0.00      0.00         1
          19       1.00      0.50      0.67         6
          20       0.00      0.00      0.00         2
          21       0.00      0.00      0.00         1
          23       0.00      0.00      0.00         2
          25       0.00      0.00      0.00         1
          26       0.00      0.00      0.00         5
          27       0.00      0.00      0.00         2
          28       0.00      0.00      0.00         1
          31       1.00      0.50      0.67         4

    accuracy                           0.38        93
   macro avg       0.15      0.14      0.14        93
weighted avg       0.30      0.38      0.31        93


Note: subcategory labels are integer encoded.
